10,160
10,256
10,108
10,162
10,138
10,100
10,230
9,7
9,6
9,1
9,4
9,2
9,3
8,7
8,14
8,12
8,16
50,4
50,3
50,2
50,1
50,0
49,3
49,2
49,1
49,0
48,3
48,2
48,1
48,0
47,5
47,4
47,3
47,2
47,1
47,0
46,4
46,3
46,2
46,1
46,0
44,5
44,4
44,3
44,2
44,1
44,0
41,5
41,4
41,3
41,2
41,1
41,0
39,5
39,4
39,3
39,2
39,1
39,0
30,5
30,1
27,3
27,1
20,3
20,2
20,1
19,3
19,2
19,1
12,3
12,2
12,1
11,28
11,27
11,26
11,24
11,23
18,1
11,22
18,3
11,21
11,20
11,19
14,1
11,18
11,16
11,14
11,12
14,3
11,10
13,1
11,9
13,3
11,8
11,7
11,6
11,4
11,3
11,2
11,1
10,308
10,306
10,302
10,294
10,293
10,278
10,146
